All energies in cm-1
Largest off-diagonal element:   41   59

    1    1       0.0193445
    1    2       0.0114333
    1    3       0.0000276
    1    4       0.0566358
    1    5       0.0000150
    1    6       0.0000079
    1    7       0.0000132
    1    8       0.0607480
    1    9       0.0000080
    1   10       0.0565633
    1   11       0.0948203
    1   12       0.0526664
    1   13       0.0329237
    1   14       0.0000097
    1   15       0.0000023
    1   16       0.0444893
    1   17       0.0000197
    1   18       0.0638531
    1   19       0.0000070
    1   20       0.0300715
    1   21       0.0662547
    1   22       0.0500446
    1   23       0.0325938
    1   24       0.0000051
    1   25       0.0000135
    1   26       0.0000065
    1   27       0.0000144
    1   28       0.0428240
    1   29       0.0892397
    1   30       0.0497462
    1   31       0.0000110
    1   32       0.0000027
    1   33       0.0809750
    1   34       0.0545355
    1   35       0.0623967
    1   36       0.0000251
    1   37       0.0000161
    1   38       0.0610753
    1   39       0.0000048
    1   40       0.0000205
    1   41       0.1508295
    1   42       0.0305727
    1   43       0.0399620
    1   44       0.0000217
    1   45       0.0000314
    1   46       0.0618117
    1   47       0.0000239
    1   48       0.1390154
    1   49       0.0000144
    1   50       0.0000105
    1   51       0.0000118
    1   52       0.0042209
    1   53       0.0070264
    1   54       0.0000264
    1   55       0.0250756
    1   56       0.0000358
    1   57       0.0419859
    1   58       0.0357024
    1   59       0.3652198
    1   60       0.0691524
    2    2      16.5990757
    2    3       0.0000144
    2    4       0.0000327
    2    5       0.0000149
    2    6       0.0000036
    2    7       0.0000097
    2    8       0.0000433
    2    9       0.0000077
    2   10       0.0000567
    2   11       0.0005402
    2   12       0.0000922
    2   13       0.0000744
    2   14       0.0000200
    2   15       0.0000223
    2   16       0.0001627
    2   17       0.0000111
    2   18       0.0000804
    2   19       0.0000098
    2   20       0.0000687
    2   21       0.0000244
    2   22       0.0000322
    2   23       0.0001143
    2   24       0.0000059
    2   25       0.0000212
    2   26       0.0000262
    2   27       0.0000064
    2   28       0.0000438
    2   29       0.0004851
    2   30       0.0000686
    2   31       0.0000103
    2   32       0.0000158
    2   33       0.0004657
    2   34       0.0001294
    2   35       0.0003715
    2   36       0.0000061
    2   37       0.0000036
    2   38       0.0000497
    2   39       0.0000042
    2   40       0.0000132
    2   41       0.0008385
    2   42       0.0001720
    2   43       0.0001627
    2   44       0.0000048
    2   45       0.0000117
    2   46       0.0001293
    2   47       0.0000152
    2   48       0.0008126
    2   49       0.0000095
    2   50       0.0000219
    2   51       0.0000091
    2   52       0.0000261
    2   53       0.0000985
    2   54       0.0000152
    2   55       0.0000057
    2   56       0.0000251
    2   57       0.0001344
    2   58       0.0000742
    2   59      49.2404459
    2   60      10.8950721
    3    3      17.8576951
    3    4       0.0000538
    3    5       0.0000312
    3    6       0.0000150
    3    7       0.0000199
    3    8       0.0000582
    3    9       0.0000196
    3   10       0.0000543
    3   11       0.0000936
    3   12       0.0000496
    3   13       0.0000237
    3   14       0.0000136
    3   15       0.0000111
    3   16       0.0000429
    3   17       0.0000142
    3   18       0.0000604
    3   19       0.0000104
    3   20       0.0000138
    3   21       0.0000624
    3   22       0.0000428
    3   23       0.0000291
    3   24       0.0000180
    3   25       0.0000053
    3   26       0.0000099
    3   27       0.0000133
    3   28       0.0000400
    3   29       0.0000897
    3   30       0.0000457
    3   31       0.0000116
    3   32       0.0000105
    3   33       0.0000790
    3   34       0.0000512
    3   35       0.0000614
    3   36       0.0000185
    3   37       0.0000041
    3   38       0.0000563
    3   39       0.0000034
    3   40       0.0000042
    3   41       0.0001491
    3   42       0.0000440
    3   43       0.0000404
    3   44       0.0000124
    3   45       0.0000117
    3   46       0.0000606
    3   47       0.0000221
    3   48       0.0001388
    3   49       0.0000199
    3   50       0.0000056
    3   51       0.0000206
    3   52       0.0000247
    3   53       0.0000197
    3   54       0.0000309
    3   55       0.0000138
    3   56       0.0000266
    3   57       0.0000523
    3   58       0.0000464
    3   59       0.0003539
    3   60       0.0000638
    4    4      61.2470437
    4    5       0.0000087
    4    6       0.0000071
    4    7       0.0000060
    4    8       0.0000067
    4    9       0.0000169
    4   10       0.0000296
    4   11       0.0001440
    4   12       0.0000217
    4   13       0.0000135
    4   14       0.0000129
    4   15       0.0000087
    4   16       0.0000448
    4   17       0.0000046
    4   18       0.0000231
    4   19       0.0000170
    4   20       0.0000230
    4   21       0.0000089
    4   22       0.0000213
    4   23       0.0000274
    4   24       0.0000162
    4   25       0.0000175
    4   26       0.0000219
    4   27       0.0000076
    4   28       0.0000200
    4   29       0.0001289
    4   30       0.0000215
    4   31       0.0000103
    4   32       0.0000023
    4   33       0.0001250
    4   34       0.0000362
    4   35       0.0000987
    4   36       0.0000074
    4   37       0.0000113
    4   38       0.0000229
    4   39       0.0000075
    4   40       0.0000021
    4   41       0.0002239
    4   42       0.0000478
    4   43       0.0000493
    4   44       0.0000070
    4   45       0.0000093
    4   46       0.0000403
    4   47       0.0000096
    4   48       0.0002182
    4   49       0.0000035
    4   50       0.0000116
    4   51       0.0000088
    4   52       0.0000355
    4   53       0.0000395
    4   54       0.0000088
    4   55       0.0000281
    4   56       0.0000098
    4   57       0.0000385
    4   58       0.0000244
    4   59      80.1277359
    4   60      59.7174020
    5    5      90.8034765
    5    6       0.0000165
    5    7       0.0000503
    5    8       0.0000103
    5    9       0.0000101
    5   10       0.0000153
    5   11       0.0000140
    5   12       0.0000069
    5   13       0.0000160
    5   14       0.0000049
    5   15       0.0000082
    5   16       0.0000175
    5   17       0.0000223
    5   18       0.0000086
    5   19       0.0000157
    5   20       0.0000218
    5   21       0.0000107
    5   22       0.0000230
    5   23       0.0000058
    5   24       0.0000045
    5   25       0.0000271
    5   26       0.0000309
    5   27       0.0000105
    5   28       0.0000175
    5   29       0.0000253
    5   30       0.0000140
    5   31       0.0000303
    5   32       0.0000213
    5   33       0.0000122
    5   34       0.0000048
    5   35       0.0000071
    5   36       0.0000135
    5   37       0.0000126
    5   38       0.0000127
    5   39       0.0000164
    5   40       0.0000107
    5   41       0.0000295
    5   42       0.0000233
    5   43       0.0000129
    5   44       0.0000117
    5   45       0.0000166
    5   46       0.0000194
    5   47       0.0000151
    5   48       0.0000374
    5   49       0.0000171
    5   50       0.0000339
    5   51       0.0000409
    5   52       0.0000048
    5   53       0.0000115
    5   54       0.0000211
    5   55       0.0000240
    5   56       0.0000366
    5   57       0.0000165
    5   58       0.0000364
    5   59       0.0000646
    5   60       0.0000134
    6    6      93.3637884
    6    7       0.0000143
    6    8       0.0000207
    6    9       0.0000107
    6   10       0.0000243
    6   11       0.0000365
    6   12       0.0000142
    6   13       0.0000106
    6   14       0.0000134
    6   15       0.0000116
    6   16       0.0000088
    6   17       0.0000142
    6   18       0.0000258
    6   19       0.0000119
    6   20       0.0000157
    6   21       0.0000188
    6   22       0.0000127
    6   23       0.0000121
    6   24       0.0000070
    6   25       0.0000070
    6   26       0.0000136
    6   27       0.0000099
    6   28       0.0000104
    6   29       0.0000293
    6   30       0.0000067
    6   31       0.0000201
    6   32       0.0000109
    6   33       0.0000333
    6   34       0.0000127
    6   35       0.0000253
    6   36       0.0000068
    6   37       0.0000091
    6   38       0.0000030
    6   39       0.0000119
    6   40       0.0000207
    6   41       0.0000501
    6   42       0.0000153
    6   43       0.0000201
    6   44       0.0000104
    6   45       0.0000135
    6   46       0.0000248
    6   47       0.0000091
    6   48       0.0000621
    6   49       0.0000185
    6   50       0.0000123
    6   51       0.0000490
    6   52       0.0000134
    6   53       0.0000041
    6   54       0.0000188
    6   55       0.0000323
    6   56       0.0000250
    6   57       0.0000399
    6   58       0.0000143
    6   59       0.0001328
    6   60       0.0000262
    7    7     102.3432589
    7    8       0.0000205
    7    9       0.0000493
    7   10       0.0000184
    7   11       0.0000031
    7   12       0.0000109
    7   13       0.0000187
    7   14       0.0000150
    7   15       0.0000314
    7   16       0.0000110
    7   17       0.0000264
    7   18       0.0000267
    7   19       0.0000209
    7   20       0.0000090
    7   21       0.0000197
    7   22       0.0000077
    7   23       0.0000078
    7   24       0.0000104
    7   25       0.0000096
    7   26       0.0000252
    7   27       0.0000118
    7   28       0.0000167
    7   29       0.0000152
    7   30       0.0000076
    7   31       0.0000107
    7   32       0.0000114
    7   33       0.0000148
    7   34       0.0000195
    7   35       0.0000129
    7   36       0.0000325
    7   37       0.0000200
    7   38       0.0000073
    7   39       0.0000131
    7   40       0.0000059
    7   41       0.0000084
    7   42       0.0000092
    7   43       0.0000050
    7   44       0.0000083
    7   45       0.0000151
    7   46       0.0000283
    7   47       0.0000267
    7   48       0.0000061
    7   49       0.0000048
    7   50       0.0000306
    7   51       0.0000344
    7   52       0.0000286
    7   53       0.0000016
    7   54       0.0000285
    7   55       0.0000315
    7   56       0.0000280
    7   57       0.0000238
    7   58       0.0000386
    7   59       0.0000128
    7   60       0.0000253
    8    8     121.9172747
    8    9       0.0000117
    8   10       0.0000253
    8   11       0.0000360
    8   12       0.0000171
    8   13       0.0000147
    8   14       0.0000176
    8   15       0.0000110
    8   16       0.0000145
    8   17       0.0000144
    8   18       0.0000178
    8   19       0.0000148
    8   20       0.0000100
    8   21       0.0000089
    8   22       0.0000130
    8   23       0.0000081
    8   24       0.0000107
    8   25       0.0000136
    8   26       0.0000225
    8   27       0.0000134
    8   28       0.0000265
    8   29       0.0000294
    8   30       0.0000197
    8   31       0.0000150
    8   32       0.0000089
    8   33       0.0000203
    8   34       0.0000082
    8   35       0.0000266
    8   36       0.0000166
    8   37       0.0000145
    8   38       0.0000305
    8   39       0.0000180
    8   40       0.0000074
    8   41       0.0000493
    8   42       0.0000176
    8   43       0.0000100
    8   44       0.0000100
    8   45       0.0000078
    8   46       0.0000126
    8   47       0.0000089
    8   48       0.0000424
    8   49       0.0000057
    8   50       0.0000165
    8   51       0.0000223
    8   52       0.0000144
    8   53       0.0000045
    8   54       0.0000198
    8   55       0.0000252
    8   56       0.0000107
    8   57       0.0000295
    8   58       0.0000096
    8   59      65.4251125
    8   60      64.3511857
    9    9     127.5287341
    9   10       0.0000137
    9   11       0.0000161
    9   12       0.0000097
    9   13       0.0000126
    9   14       0.0000268
    9   15       0.0000325
    9   16       0.0000109
    9   17       0.0000154
    9   18       0.0000124
    9   19       0.0000167
    9   20       0.0000077
    9   21       0.0000135
    9   22       0.0000105
    9   23       0.0000076
    9   24       0.0000209
    9   25       0.0000170
    9   26       0.0000125
    9   27       0.0000098
    9   28       0.0000143
    9   29       0.0000141
    9   30       0.0000103
    9   31       0.0000236
    9   32       0.0000056
    9   33       0.0000163
    9   34       0.0000043
    9   35       0.0000145
    9   36       0.0000148
    9   37       0.0000191
    9   38       0.0000109
    9   39       0.0000090
    9   40       0.0000175
    9   41       0.0000284
    9   42       0.0000144
    9   43       0.0000161
    9   44       0.0000041
    9   45       0.0000063
    9   46       0.0000125
    9   47       0.0000239
    9   48       0.0000247
    9   49       0.0000102
    9   50       0.0000222
    9   51       0.0000306
    9   52       0.0000386
    9   53       0.0000289
    9   54       0.0000203
    9   55       0.0000201
    9   56       0.0000083
    9   57       0.0000354
    9   58       0.0000123
    9   59       0.0000640
    9   60       0.0000197
   10   10     147.3402447
   10   11       0.0000230
   10   12       0.0000137
   10   13       0.0000111
   10   14       0.0000138
   10   15       0.0000090
   10   16       0.0000177
   10   17       0.0000135
   10   18       0.0000059
   10   19       0.0000127
   10   20       0.0000165
   10   21       0.0000146
   10   22       0.0000160
   10   23       0.0000098
   10   24       0.0000166
   10   25       0.0000135
   10   26       0.0000179
   10   27       0.0000063
   10   28       0.0000230
   10   29       0.0000187
   10   30       0.0000249
   10   31       0.0000174
   10   32       0.0000170
   10   33       0.0000343
   10   34       0.0000297
   10   35       0.0000065
   10   36       0.0000115
   10   37       0.0000083
   10   38       0.0000197
   10   39       0.0000112
   10   40       0.0000069
   10   41       0.0000499
   10   42       0.0000325
   10   43       0.0000123
   10   44       0.0000069
   10   45       0.0000117
   10   46       0.0000166
   10   47       0.0000178
   10   48       0.0000476
   10   49       0.0000044
   10   50       0.0000109
   10   51       0.0000136
   10   52       0.0000246
   10   53       0.0000093
   10   54       0.0000212
   10   55       0.0000102
   10   56       0.0000257
   10   57       0.0000135
   10   58       0.0000271
   10   59     101.9832266
   10   60      61.3508664
   11   11     335.0267526
   11   12       0.0000276
   11   13       0.0000125
   11   14       0.0000138
   11   15       0.0000092
   11   16       0.0000080
   11   17       0.0000129
   11   18       0.0000190
   11   19       0.0000133
   11   20       0.0000316
   11   21       0.0000101
   11   22       0.0000253
   11   23       0.0000116
   11   24       0.0000088
   11   25       0.0000129
   11   26       0.0000096
   11   27       0.0000200
   11   28       0.0000167
   11   29       0.0000377
   11   30       0.0000154
   11   31       0.0000049
   11   32       0.0000067
   11   33       0.0000408
   11   34       0.0000215
   11   35       0.0000310
   11   36       0.0000065
   11   37       0.0000131
   11   38       0.0000159
   11   39       0.0000133
   11   40       0.0000136
   11   41       0.0000696
   11   42       0.0000183
   11   43       0.0000171
   11   44       0.0000155
   11   45       0.0000131
   11   46       0.0000202
   11   47       0.0000109
   11   48       0.0000632
   11   49       0.0000205
   11   50       0.0000160
   11   51       0.0000373
   11   52       0.0000244
   11   53       0.0000323
   11   54       0.0000243
   11   55       0.0000306
   11   56       0.0000027
   11   57       0.0000154
   11   58       0.0000115
   11   59     937.0801130
   11   60      24.3620218
   12   12     529.4946194
   12   13       0.0000208
   12   14       0.0000073
   12   15       0.0000060
   12   16       0.0000074
   12   17       0.0000064
   12   18       0.0000050
   12   19       0.0000115
   12   20       0.0000050
   12   21       0.0000124
   12   22       0.0000143
   12   23       0.0000077
   12   24       0.0000079
   12   25       0.0000071
   12   26       0.0000136
   12   27       0.0000101
   12   28       0.0000061
   12   29       0.0000214
   12   30       0.0000121
   12   31       0.0000044
   12   32       0.0000079
   12   33       0.0000129
   12   34       0.0000064
   12   35       0.0000079
   12   36       0.0000097
   12   37       0.0000054
   12   38       0.0000130
   12   39       0.0000067
   12   40       0.0000073
   12   41       0.0000293
   12   42       0.0000092
   12   43       0.0000221
   12   44       0.0000016
   12   45       0.0000138
   12   46       0.0000091
   12   47       0.0000130
   12   48       0.0000172
   12   49       0.0000060
   12   50       0.0000258
   12   51       0.0000187
   12   52       0.0000337
   12   53       0.0000155
   12   54       0.0000101
   12   55       0.0000100
   12   56       0.0000272
   12   57       0.0000163
   12   58       0.0000185
   12   59     161.4081143
   12   60      53.2110542
   13   13     597.2715213
   13   14       0.0000017
   13   15       0.0000155
   13   16       0.0000172
   13   17       0.0000233
   13   18       0.0000122
   13   19       0.0000195
   13   20       0.0000257
   13   21       0.0000148
   13   22       0.0000118
   13   23       0.0000156
   13   24       0.0000120
   13   25       0.0000166
   13   26       0.0000217
   13   27       0.0000244
   13   28       0.0000307
   13   29       0.0000165
   13   30       0.0000100
   13   31       0.0000130
   13   32       0.0000157
   13   33       0.0000187
   13   34       0.0000273
   13   35       0.0000159
   13   36       0.0000225
   13   37       0.0000142
   13   38       0.0000291
   13   39       0.0000141
   13   40       0.0000232
   13   41       0.0000168
   13   42       0.0000160
   13   43       0.0000180
   13   44       0.0000076
   13   45       0.0000065
   13   46       0.0000330
   13   47       0.0000229
   13   48       0.0000074
   13   49       0.0000173
   13   50       0.0000225
   13   51       0.0000117
   13   52       0.0000094
   13   53       0.0000290
   13   54       0.0000327
   13   55       0.0000196
   13   56       0.0000204
   13   57       0.0000439
   13   58       0.0000303
   13   59     114.3803479
   13   60      37.3218445
   14   14     634.9263192
   14   15       0.0000182
   14   16       0.0000054
   14   17       0.0000322
   14   18       0.0000170
   14   19       0.0000204
   14   20       0.0000108
   14   21       0.0000111
   14   22       0.0000101
   14   23       0.0000098
   14   24       0.0000143
   14   25       0.0000282
   14   26       0.0000175
   14   27       0.0000320
   14   28       0.0000182
   14   29       0.0000127
   14   30       0.0000094
   14   31       0.0000262
   14   32       0.0000231
   14   33       0.0000105
   14   34       0.0000140
   14   35       0.0000080
   14   36       0.0000017
   14   37       0.0000204
   14   38       0.0000199
   14   39       0.0000217
   14   40       0.0000132
   14   41       0.0000163
   14   42       0.0000120
   14   43       0.0000189
   14   44       0.0000205
   14   45       0.0000085
   14   46       0.0000097
   14   47       0.0000079
   14   48       0.0000019
   14   49       0.0000154
   14   50       0.0000448
   14   51       0.0000319
   14   52       0.0000422
   14   53       0.0000322
   14   54       0.0000172
   14   55       0.0000072
   14   56       0.0000204
   14   57       0.0000242
   14   58       0.0000469
   14   59       0.0000128
   14   60       0.0000042
   15   15     637.0608324
   15   16       0.0000134
   15   17       0.0000144
   15   18       0.0000100
   15   19       0.0000374
   15   20       0.0000143
   15   21       0.0000072
   15   22       0.0000073
   15   23       0.0000229
   15   24       0.0000245
   15   25       0.0000297
   15   26       0.0000251
   15   27       0.0000195
   15   28       0.0000154
   15   29       0.0000240
   15   30       0.0000087
   15   31       0.0000307
   15   32       0.0000320
   15   33       0.0000159
   15   34       0.0000077
   15   35       0.0000057
   15   36       0.0000163
   15   37       0.0000179
   15   38       0.0000241
   15   39       0.0000268
   15   40       0.0000230
   15   41       0.0000111
   15   42       0.0000168
   15   43       0.0000178
   15   44       0.0000247
   15   45       0.0000219
   15   46       0.0000116
   15   47       0.0000201
   15   48       0.0000222
   15   49       0.0000218
   15   50       0.0000511
   15   51       0.0000401
   15   52       0.0000333
   15   53       0.0000365
   15   54       0.0000263
   15   55       0.0000090
   15   56       0.0000354
   15   57       0.0000206
   15   58       0.0000446
   15   59       0.0000439
   15   60       0.0000021
   16   16     648.6137715
   16   17       0.0000103
   16   18       0.0000161
   16   19       0.0000049
   16   20       0.0000144
   16   21       0.0000085
   16   22       0.0000071
   16   23       0.0000079
   16   24       0.0000049
   16   25       0.0000088
   16   26       0.0000177
   16   27       0.0000085
   16   28       0.0000152
   16   29       0.0000056
   16   30       0.0000276
   16   31       0.0000078
   16   32       0.0000090
   16   33       0.0000099
   16   34       0.0000152
   16   35       0.0000077
   16   36       0.0000098
   16   37       0.0000023
   16   38       0.0000188
   16   39       0.0000088
   16   40       0.0000105
   16   41       0.0000196
   16   42       0.0000215
   16   43       0.0000272
   16   44       0.0000127
   16   45       0.0000124
   16   46       0.0000063
   16   47       0.0000093
   16   48       0.0000222
   16   49       0.0000072
   16   50       0.0000078
   16   51       0.0000148
   16   52       0.0000388
   16   53       0.0000178
   16   54       0.0000153
   16   55       0.0000306
   16   56       0.0000181
   16   57       0.0000188
   16   58       0.0000252
   16   59     285.4815756
   16   60      35.2978723
   17   17     696.3736159
   17   18       0.0000086
   17   19       0.0000262
   17   20       0.0000111
   17   21       0.0000192
   17   22       0.0000290
   17   23       0.0000032
   17   24       0.0000209
   17   25       0.0000395
   17   26       0.0000274
   17   27       0.0000368
   17   28       0.0000034
   17   29       0.0000251
   17   30       0.0000189
   17   31       0.0000372
   17   32       0.0000066
   17   33       0.0000108
   17   34       0.0000266
   17   35       0.0000202
   17   36       0.0000295
   17   37       0.0000154
   17   38       0.0000211
   17   39       0.0000201
   17   40       0.0000242
   17   41       0.0000196
   17   42       0.0000043
   17   43       0.0000151
   17   44       0.0000029
   17   45       0.0000213
   17   46       0.0000278
   17   47       0.0000096
   17   48       0.0000024
   17   49       0.0000235
   17   50       0.0000149
   17   51       0.0000476
   17   52       0.0000048
   17   53       0.0000449
   17   54       0.0000358
   17   55       0.0000205
   17   56       0.0000363
   17   57       0.0000413
   17   58       0.0000359
   17   59       0.0000296
   17   60       0.0000117
   18   18     699.7843220
   18   19       0.0000222
   18   20       0.0000244
   18   21       0.0000177
   18   22       0.0000400
   18   23       0.0000273
   18   24       0.0000131
   18   25       0.0000097
   18   26       0.0000096
   18   27       0.0000017
   18   28       0.0000213
   18   29       0.0000315
   18   30       0.0000118
   18   31       0.0000163
   18   32       0.0000157
   18   33       0.0000237
   18   34       0.0000219
   18   35       0.0000224
   18   36       0.0000117
   18   37       0.0000066
   18   38       0.0000138
   18   39       0.0000221
   18   40       0.0000161
   18   41       0.0000229
   18   42       0.0000169
   18   43       0.0000245
   18   44       0.0000141
   18   45       0.0000118
   18   46       0.0000222
   18   47       0.0000170
   18   48       0.0000196
   18   49       0.0000163
   18   50       0.0000188
   18   51       0.0000188
   18   52       0.0000304
   18   53       0.0000257
   18   54       0.0000264
   18   55       0.0000184
   18   56       0.0000039
   18   57       0.0000320
   18   58       0.0000192
   18   59     134.8789660
   18   60      69.6952991
   19   19     711.3190053
   19   20       0.0000098
   19   21       0.0000178
   19   22       0.0000158
   19   23       0.0000174
   19   24       0.0000098
   19   25       0.0000114
   19   26       0.0000103
   19   27       0.0000336
   19   28       0.0000207
   19   29       0.0000110
   19   30       0.0000106
   19   31       0.0000129
   19   32       0.0000273
   19   33       0.0000104
   19   34       0.0000072
   19   35       0.0000226
   19   36       0.0000161
   19   37       0.0000392
   19   38       0.0000253
   19   39       0.0000144
   19   40       0.0000324
   19   41       0.0000129
   19   42       0.0000017
   19   43       0.0000062
   19   44       0.0000083
   19   45       0.0000136
   19   46       0.0000112
   19   47       0.0000130
   19   48       0.0000185
   19   49       0.0000012
   19   50       0.0000243
   19   51       0.0000399
   19   52       0.0000272
   19   53       0.0000231
   19   54       0.0000042
   19   55       0.0000248
   19   56       0.0000449
   19   57       0.0000453
   19   58       0.0000456
   19   59       0.0000363
   19   60       0.0000099
   20   20     743.3566890
   20   21       0.0000116
   20   22       0.0000155
   20   23       0.0000051
   20   24       0.0000146
   20   25       0.0000138
   20   26       0.0000108
   20   27       0.0000056
   20   28       0.0000289
   20   29       0.0000195
   20   30       0.0000262
   20   31       0.0000146
   20   32       0.0000173
   20   33       0.0000187
   20   34       0.0000430
   20   35       0.0000265
   20   36       0.0000134
   20   37       0.0000176
   20   38       0.0000294
   20   39       0.0000113
   20   40       0.0000204
   20   41       0.0000264
   20   42       0.0000165
   20   43       0.0000068
   20   44       0.0000046
   20   45       0.0000176
   20   46       0.0000286
   20   47       0.0000116
   20   48       0.0000149
   20   49       0.0000208
   20   50       0.0000280
   20   51       0.0000217
   20   52       0.0000268
   20   53       0.0000168
   20   54       0.0000270
   20   55       0.0000078
   20   56       0.0000153
   20   57       0.0000216
   20   58       0.0000000
   20   59     118.8259115
   20   60      34.6626233
   21   21     753.5696398
   21   22       0.0000085
   21   23       0.0000255
   21   24       0.0000153
   21   25       0.0000121
   21   26       0.0000156
   21   27       0.0000124
   21   28       0.0000212
   21   29       0.0000127
   21   30       0.0000138
   21   31       0.0000154
   21   32       0.0000037
   21   33       0.0000123
   21   34       0.0000128
   21   35       0.0000169
   21   36       0.0000035
   21   37       0.0000109
   21   38       0.0000140
   21   39       0.0000134
   21   40       0.0000143
   21   41       0.0000135
   21   42       0.0000262
   21   43       0.0000111
   21   44       0.0000162
   21   45       0.0000064
   21   46       0.0000075
   21   47       0.0000161
   21   48       0.0000192
   21   49       0.0000064
   21   50       0.0000353
   21   51       0.0000186
   21   52       0.0000109
   21   53       0.0000328
   21   54       0.0000218
   21   55       0.0000337
   21   56       0.0000214
   21   57       0.0000224
   21   58       0.0000253
   21   59      41.3098482
   21   60      70.7782491
   22   22     834.8193016
   22   23       0.0000082
   22   24       0.0000147
   22   25       0.0000104
   22   26       0.0000102
   22   27       0.0000069
   22   28       0.0000274
   22   29       0.0000093
   22   30       0.0000261
   22   31       0.0000250
   22   32       0.0000152
   22   33       0.0000122
   22   34       0.0000158
   22   35       0.0000282
   22   36       0.0000193
   22   37       0.0000170
   22   38       0.0000136
   22   39       0.0000113
   22   40       0.0000238
   22   41       0.0000234
   22   42       0.0000235
   22   43       0.0000268
   22   44       0.0000106
   22   45       0.0000163
   22   46       0.0000038
   22   47       0.0000200
   22   48       0.0000038
   22   49       0.0000228
   22   50       0.0000530
   22   51       0.0000073
   22   52       0.0000492
   22   53       0.0000289
   22   54       0.0000219
   22   55       0.0000248
   22   56       0.0000079
   22   57       0.0000046
   22   58       0.0000449
   22   59      40.9700806
   22   60      53.5424482
   23   23     841.6799599
   23   24       0.0000009
   23   25       0.0000044
   23   26       0.0000155
   23   27       0.0000186
   23   28       0.0000116
   23   29       0.0000120
   23   30       0.0000156
   23   31       0.0000078
   23   32       0.0000113
   23   33       0.0000165
   23   34       0.0000169
   23   35       0.0000055
   23   36       0.0000095
   23   37       0.0000136
   23   38       0.0000085
   23   39       0.0000131
   23   40       0.0000175
   23   41       0.0000162
   23   42       0.0000145
   23   43       0.0000165
   23   44       0.0000121
   23   45       0.0000121
   23   46       0.0000226
   23   47       0.0000152
   23   48       0.0000175
   23   49       0.0000134
   23   50       0.0000204
   23   51       0.0000295
   23   52       0.0000302
   23   53       0.0000071
   23   54       0.0000239
   23   55       0.0000278
   23   56       0.0000306
   23   57       0.0000034
   23   58       0.0000401
   23   59     201.7802314
   23   60      26.5711309
   24   24     868.8527198
   24   25       0.0000627
   24   26       0.0000335
   24   27       0.0000388
   24   28       0.0000186
   24   29       0.0000104
   24   30       0.0000172
   24   31       0.0000231
   24   32       0.0000276
   24   33       0.0000148
   24   34       0.0000176
   24   35       0.0000133
   24   36       0.0000194
   24   37       0.0000121
   24   38       0.0000138
   24   39       0.0000271
   24   40       0.0000364
   24   41       0.0000151
   24   42       0.0000031
   24   43       0.0000128
   24   44       0.0000083
   24   45       0.0000127
   24   46       0.0000316
   24   47       0.0000090
   24   48       0.0000194
   24   49       0.0000325
   24   50       0.0000489
   24   51       0.0000068
   24   52       0.0000193
   24   53       0.0000201
   24   54       0.0000126
   24   55       0.0000090
   24   56       0.0000430
   24   57       0.0000433
   24   58       0.0000101
   24   59       0.0000255
   24   60       0.0000074
   25   25     870.5197468
   25   26       0.0000356
   25   27       0.0000515
   25   28       0.0000181
   25   29       0.0000041
   25   30       0.0000186
   25   31       0.0000168
   25   32       0.0000218
   25   33       0.0000192
   25   34       0.0000057
   25   35       0.0000121
   25   36       0.0000090
   25   37       0.0000152
   25   38       0.0000238
   25   39       0.0000197
   25   40       0.0000385
   25   41       0.0000227
   25   42       0.0000140
   25   43       0.0000075
   25   44       0.0000090
   25   45       0.0000059
   25   46       0.0000166
   25   47       0.0000185
   25   48       0.0000237
   25   49       0.0000117
   25   50       0.0000141
   25   51       0.0000144
   25   52       0.0000261
   25   53       0.0000294
   25   54       0.0000108
   25   55       0.0000102
   25   56       0.0000173
   25   57       0.0000295
   25   58       0.0000094
   25   59       0.0000208
   25   60       0.0000029
   26   26     874.2810509
   26   27       0.0000429
   26   28       0.0000075
   26   29       0.0000092
   26   30       0.0000127
   26   31       0.0000259
   26   32       0.0000134
   26   33       0.0000238
   26   34       0.0000175
   26   35       0.0000176
   26   36       0.0000187
   26   37       0.0000176
   26   38       0.0000285
   26   39       0.0000179
   26   40       0.0000238
   26   41       0.0000111
   26   42       0.0000128
   26   43       0.0000123
   26   44       0.0000236
   26   45       0.0000176
   26   46       0.0000219
   26   47       0.0000036
   26   48       0.0000137
   26   49       0.0000165
   26   50       0.0000391
   26   51       0.0000219
   26   52       0.0000249
   26   53       0.0000465
   26   54       0.0000299
   26   55       0.0000295
   26   56       0.0000295
   26   57       0.0000183
   26   58       0.0000239
   26   59       0.0000397
   26   60       0.0000053
   27   27     885.5919903
   27   28       0.0000145
   27   29       0.0000106
   27   30       0.0000181
   27   31       0.0000190
   27   32       0.0000264
   27   33       0.0000084
   27   34       0.0000083
   27   35       0.0000081
   27   36       0.0000049
   27   37       0.0000187
   27   38       0.0000236
   27   39       0.0000120
   27   40       0.0000187
   27   41       0.0000132
   27   42       0.0000203
   27   43       0.0000166
   27   44       0.0000159
   27   45       0.0000068
   27   46       0.0000116
   27   47       0.0000135
   27   48       0.0000158
   27   49       0.0000191
   27   50       0.0000061
   27   51       0.0000128
   27   52       0.0000450
   27   53       0.0000190
   27   54       0.0000197
   27   55       0.0000184
   27   56       0.0000182
   27   57       0.0000481
   27   58       0.0000382
   27   59       0.0000105
   27   60       0.0000094
   28   28     887.7302075
   28   29       0.0000084
   28   30       0.0000252
   28   31       0.0000114
   28   32       0.0000106
   28   33       0.0000172
   28   34       0.0000218
   28   35       0.0000184
   28   36       0.0000083
   28   37       0.0000103
   28   38       0.0000201
   28   39       0.0000126
   28   40       0.0000084
   28   41       0.0000098
   28   42       0.0000205
   28   43       0.0000179
   28   44       0.0000125
   28   45       0.0000126
   28   46       0.0000264
   28   47       0.0000113
   28   48       0.0000085
   28   49       0.0000136
   28   50       0.0000153
   28   51       0.0000237
   28   52       0.0000563
   28   53       0.0000297
   28   54       0.0000057
   28   55       0.0000219
   28   56       0.0000126
   28   57       0.0000268
   28   58       0.0000135
   28   59      83.3249209
   28   60      44.7057318
   29   29     966.9466611
   29   30       0.0000166
   29   31       0.0000095
   29   32       0.0000205
   29   33       0.0000270
   29   34       0.0000125
   29   35       0.0000221
   29   36       0.0000141
   29   37       0.0000121
   29   38       0.0000123
   29   39       0.0000116
   29   40       0.0000145
   29   41       0.0000054
   29   42       0.0000262
   29   43       0.0000181
   29   44       0.0000156
   29   45       0.0000126
   29   46       0.0000153
   29   47       0.0000086
   29   48       0.0000152
   29   49       0.0000112
   29   50       0.0000205
   29   51       0.0000299
   29   52       0.0000193
   29   53       0.0000237
   29   54       0.0000101
   29   55       0.0000265
   29   56       0.0000160
   29   57       0.0000283
   29   58       0.0000148
   29   59     841.6985647
   29   60      18.1107379
   30   30    1020.1365314
   30   31       0.0000176
   30   32       0.0000063
   30   33       0.0000226
   30   34       0.0000360
   30   35       0.0000138
   30   36       0.0000131
   30   37       0.0000114
   30   38       0.0000269
   30   39       0.0000189
   30   40       0.0000162
   30   41       0.0000235
   30   42       0.0000204
   30   43       0.0000118
   30   44       0.0000092
   30   45       0.0000162
   30   46       0.0000147
   30   47       0.0000222
   30   48       0.0000188
   30   49       0.0000176
   30   50       0.0000556
   30   51       0.0000280
   30   52       0.0000259
   30   53       0.0000155
   30   54       0.0000143
   30   55       0.0000366
   30   56       0.0000374
   30   57       0.0000309
   30   58       0.0000358
   30   59     133.4644365
   30   60      50.9214033
   31   31    1043.6868830
   31   32       0.0000253
   31   33       0.0000131
   31   34       0.0000168
   31   35       0.0000156
   31   36       0.0000117
   31   37       0.0000493
   31   38       0.0000209
   31   39       0.0000096
   31   40       0.0000270
   31   41       0.0000120
   31   42       0.0000137
   31   43       0.0000101
   31   44       0.0000219
   31   45       0.0000209
   31   46       0.0000225
   31   47       0.0000355
   31   48       0.0000135
   31   49       0.0000096
   31   50       0.0000483
   31   51       0.0000112
   31   52       0.0000316
   31   53       0.0000490
   31   54       0.0000448
   31   55       0.0000269
   31   56       0.0000227
   31   57       0.0000424
   31   58       0.0000128
   31   59       0.0000368
   31   60       0.0000017
   32   32    1047.8497063
   32   33       0.0000163
   32   34       0.0000165
   32   35       0.0000186
   32   36       0.0000059
   32   37       0.0000361
   32   38       0.0000056
   32   39       0.0000120
   32   40       0.0000155
   32   41       0.0000199
   32   42       0.0000140
   32   43       0.0000145
   32   44       0.0000179
   32   45       0.0000127
   32   46       0.0000188
   32   47       0.0000155
   32   48       0.0000244
   32   49       0.0000236
   32   50       0.0000350
   32   51       0.0000527
   32   52       0.0000134
   32   53       0.0000599
   32   54       0.0000282
   32   55       0.0000148
   32   56       0.0000124
   32   57       0.0000501
   32   58       0.0000171
   32   59       0.0000176
   32   60       0.0000051
   33   33    1056.6221485
   33   34       0.0000042
   33   35       0.0000136
   33   36       0.0000024
   33   37       0.0000018
   33   38       0.0000107
   33   39       0.0000068
   33   40       0.0000132
   33   41       0.0000188
   33   42       0.0000173
   33   43       0.0000092
   33   44       0.0000210
   33   45       0.0000123
   33   46       0.0000219
   33   47       0.0000197
   33   48       0.0000174
   33   49       0.0000089
   33   50       0.0000326
   33   51       0.0000442
   33   52       0.0000184
   33   53       0.0000208
   33   54       0.0000250
   33   55       0.0000228
   33   56       0.0000299
   33   57       0.0000275
   33   58       0.0000230
   33   59     808.6553186
   33   60      24.4807496
   34   34    1072.9915971
   34   35       0.0000032
   34   36       0.0000152
   34   37       0.0000240
   34   38       0.0000220
   34   39       0.0000121
   34   40       0.0000153
   34   41       0.0000155
   34   42       0.0000297
   34   43       0.0000389
   34   44       0.0000219
   34   45       0.0000104
   34   46       0.0000304
   34   47       0.0000269
   34   48       0.0000124
   34   49       0.0000236
   34   50       0.0000200
   34   51       0.0000137
   34   52       0.0000294
   34   53       0.0000059
   34   54       0.0000372
   34   55       0.0000267
   34   56       0.0000439
   34   57       0.0000051
   34   58       0.0000219
   34   59     220.3928437
   34   60      52.7432960
   35   35    1081.6628262
   35   36       0.0000078
   35   37       0.0000206
   35   38       0.0000167
   35   39       0.0000035
   35   40       0.0000095
   35   41       0.0000290
   35   42       0.0000157
   35   43       0.0000122
   35   44       0.0000170
   35   45       0.0000117
   35   46       0.0000200
   35   47       0.0000173
   35   48       0.0000216
   35   49       0.0000226
   35   50       0.0000478
   35   51       0.0000416
   35   52       0.0000233
   35   53       0.0000172
   35   54       0.0000336
   35   55       0.0000149
   35   56       0.0000261
   35   57       0.0000362
   35   58       0.0000096
   35   59     645.2752062
   35   60      26.4911046
   36   36    1139.5781853
   36   37       0.0000374
   36   38       0.0000172
   36   39       0.0000271
   36   40       0.0000057
   36   41       0.0000136
   36   42       0.0000123
   36   43       0.0000208
   36   44       0.0000295
   36   45       0.0000271
   36   46       0.0000252
   36   47       0.0000428
   36   48       0.0000244
   36   49       0.0000262
   36   50       0.0000183
   36   51       0.0000271
   36   52       0.0000117
   36   53       0.0000070
   36   54       0.0000248
   36   55       0.0000356
   36   56       0.0000106
   36   57       0.0000292
   36   58       0.0000348
   36   59       0.0000267
   36   60       0.0000094
   37   37    1146.2822742
   37   38       0.0000208
   37   39       0.0000135
   37   40       0.0000256
   37   41       0.0000058
   37   42       0.0000229
   37   43       0.0000145
   37   44       0.0000262
   37   45       0.0000083
   37   46       0.0000149
   37   47       0.0000096
   37   48       0.0000162
   37   49       0.0000342
   37   50       0.0000257
   37   51       0.0000396
   37   52       0.0000477
   37   53       0.0000357
   37   54       0.0000188
   37   55       0.0000076
   37   56       0.0000317
   37   57       0.0000531
   37   58       0.0000397
   37   59       0.0000216
   37   60       0.0000077
   38   38    1154.5163670
   38   39       0.0000088
   38   40       0.0000108
   38   41       0.0000173
   38   42       0.0000058
   38   43       0.0000128
   38   44       0.0000120
   38   45       0.0000209
   38   46       0.0000150
   38   47       0.0000098
   38   48       0.0000193
   38   49       0.0000153
   38   50       0.0000473
   38   51       0.0000309
   38   52       0.0000240
   38   53       0.0000312
   38   54       0.0000278
   38   55       0.0000123
   38   56       0.0000223
   38   57       0.0000336
   38   58       0.0000469
   38   59     112.1958155
   38   60      63.9070407
   39   39    1287.9923614
   39   40       0.0000106
   39   41       0.0000101
   39   42       0.0000300
   39   43       0.0000260
   39   44       0.0000185
   39   45       0.0000203
   39   46       0.0000082
   39   47       0.0000420
   39   48       0.0000108
   39   49       0.0000244
   39   50       0.0000815
   39   51       0.0000232
   39   52       0.0000292
   39   53       0.0000443
   39   54       0.0000522
   39   55       0.0000173
   39   56       0.0000111
   39   57       0.0000078
   39   58       0.0000241
   39   59       0.0000754
   39   60       0.0000090
   40   40    1290.2127262
   40   41       0.0000174
   40   42       0.0000233
   40   43       0.0000141
   40   44       0.0000203
   40   45       0.0000064
   40   46       0.0000236
   40   47       0.0000263
   40   48       0.0000135
   40   49       0.0000273
   40   50       0.0000138
   40   51       0.0000589
   40   52       0.0000277
   40   53       0.0000468
   40   54       0.0000168
   40   55       0.0000136
   40   56       0.0000610
   40   57       0.0000384
   40   58       0.0000079
   40   59       0.0000442
   40   60       0.0000015
   41   41    1298.9360373
   41   42       0.0000213
   41   43       0.0000095
   41   44       0.0000157
   41   45       0.0000094
   41   46       0.0000124
   41   47       0.0000125
   41   48       0.0000100
   41   49       0.0000127
   41   50       0.0000229
   41   51       0.0000283
   41   52       0.0000159
   41   53       0.0000202
   41   54       0.0000130
   41   55       0.0000264
   41   56       0.0000548
   41   57       0.0000469
   41   58       0.0000168
   41   59    1455.4757692
   41   60      15.0893387
   42   42    1388.2943890
   42   43       0.0000062
   42   44       0.0000179
   42   45       0.0000201
   42   46       0.0000336
   42   47       0.0000167
   42   48       0.0000321
   42   49       0.0000147
   42   50       0.0000194
   42   51       0.0000180
   42   52       0.0000174
   42   53       0.0000272
   42   54       0.0000128
   42   55       0.0000258
   42   56       0.0000054
   42   57       0.0000190
   42   58       0.0000223
   42   59     296.0675270
   42   60       4.1195928
   43   43    1389.2038281
   43   44       0.0000076
   43   45       0.0000143
   43   46       0.0000040
   43   47       0.0000150
   43   48       0.0000123
   43   49       0.0000162
   43   50       0.0000372
   43   51       0.0000171
   43   52       0.0000555
   43   53       0.0000379
   43   54       0.0000242
   43   55       0.0000318
   43   56       0.0000211
   43   57       0.0000443
   43   58       0.0000258
   43   59     287.5129543
   43   60      28.2331789
   44   44    1432.0067257
   44   45       0.0000310
   44   46       0.0000241
   44   47       0.0000542
   44   48       0.0000117
   44   49       0.0000275
   44   50       0.0000123
   44   51       0.0000215
   44   52       0.0000353
   44   53       0.0000354
   44   54       0.0000401
   44   55       0.0000295
   44   56       0.0000271
   44   57       0.0000382
   44   58       0.0000033
   44   59       0.0000238
   44   60       0.0000027
   45   45    1439.9534548
   45   46       0.0000280
   45   47       0.0000444
   45   48       0.0000149
   45   49       0.0000412
   45   50       0.0000328
   45   51       0.0000083
   45   52       0.0000396
   45   53       0.0000289
   45   54       0.0000369
   45   55       0.0000218
   45   56       0.0000209
   45   57       0.0000317
   45   58       0.0000305
   45   59       0.0000329
   45   60       0.0000039
   46   46    1479.7317904
   46   47       0.0000188
   46   48       0.0000421
   46   49       0.0000108
   46   50       0.0000239
   46   51       0.0000260
   46   52       0.0000098
   46   53       0.0000341
   46   54       0.0000328
   46   55       0.0000335
   46   56       0.0000225
   46   57       0.0000391
   46   58       0.0000235
   46   59     223.0767454
   46   60      61.0676975
   47   47    1533.5265970
   47   48       0.0000185
   47   49       0.0000630
   47   50       0.0000538
   47   51       0.0000191
   47   52       0.0000545
   47   53       0.0000478
   47   54       0.0000205
   47   55       0.0000153
   47   56       0.0000455
   47   57       0.0000280
   47   58       0.0000123
   47   59       0.0000981
   47   60       0.0000017
   48   48    1541.9853790
   48   49       0.0000039
   48   50       0.0000157
   48   51       0.0000134
   48   52       0.0000456
   48   53       0.0000150
   48   54       0.0000302
   48   55       0.0000491
   48   56       0.0000365
   48   57       0.0000421
   48   58       0.0000210
   48   59    1409.9907836
   48   60      50.1445166
   49   49    1543.2460418
   49   50       0.0000332
   49   51       0.0000137
   49   52       0.0000482
   49   53       0.0000522
   49   54       0.0000430
   49   55       0.0000337
   49   56       0.0000133
   49   57       0.0000187
   49   58       0.0000403
   49   59       0.0002183
   49   60       0.0000077
   50   50    3210.5986102
   50   51       0.0000327
   50   52       0.0000167
   50   53       0.0000533
   50   54       0.0000330
   50   55       0.0000507
   50   56       0.0000342
   50   57       0.0000477
   50   58       0.0000295
   50   59       0.0000096
   50   60       0.0000038
   51   51    3220.4902879
   51   52       0.0000524
   51   53       0.0000562
   51   54       0.0000284
   51   55       0.0000422
   51   56       0.0000833
   51   57       0.0000175
   51   58       0.0000302
   51   59       0.0000227
   51   60       0.0000017
   52   52    3223.2752036
   52   53       0.0000727
   52   54       0.0000476
   52   55       0.0000386
   52   56       0.0000668
   52   57       0.0000517
   52   58       0.0000289
   52   59      16.0567452
   52   60       4.1318532
   53   53    3232.3092082
   53   54       0.0000244
   53   55       0.0000458
   53   56       0.0000479
   53   57       0.0000435
   53   58       0.0000278
   53   59     163.7932045
   53   60      19.6571045
   54   54    3240.8291060
   54   55       0.0000612
   54   56       0.0000494
   54   57       0.0000370
   54   58       0.0000199
   54   59       0.0000080
   54   60       0.0000015
   55   55    3246.6886790
   55   56       0.0000202
   55   57       0.0000287
   55   58       0.0000225
   55   59      49.0392506
   55   60      26.1718212
   56   56    3250.0222971
   56   57       0.0000431
   56   58       0.0000183
   56   59       0.0000399
   56   60       0.0000065
   57   57    3255.1098381
   57   58       0.0000279
   57   59     246.3641514
   57   60      35.4409711
   58   58    3563.3477201
   58   59     129.3375597
   58   60      40.6756917
   59   59    3511.7186972
   59   60      15.6550076
   60   60      73.7391480
